1647204506309 4.159051895141602 0
1647204509460 4.155964374542236 0
1647204511913 4.099462509155273 0
1647204514386 4.125005722045898 0
1647204516821 4.169669151306152 0
1647204519247 4.107328414916992 0
1647204521617 4.1385087966918945 0
1647204524028 4.138503074645996 0
1647204526397 4.1385016441345215 0
1647204528737 4.169753074645996 0
1647204531037 4.154128074645996 0
1647204533407 4.138503074645996 0
1647204535768 4.107253074645996 0
1647204538133 4.076003074645996 0
1647204540533 4.122878074645996 0
1647204542858 4.091628074645996 0
1647204545329 4.091628074645996 0
1647204547683 4.091628074645996 0
1647204550033 4.122878074645996 0
1647204552431 4.138503074645996 0
1647204554761 4.122878074645996 0
1647204557112 4.138503074645996 0
1647204559526 4.122878074645996 0
1647204561896 4.154128074645996 0
1647204564428 4.154128074645996 0
1647204566930 4.154128074645996 0
1647204569432 4.138503074645996 0
1647204571841 4.122878074645996 0
1647204574192 4.138503074645996 0
1647204576580 4.154128074645996 0
1647204578937 4.122878074645996 0
1647204581335 4.122878074645996 0
1647204583751 4.107253074645996 0
1647204586098 4.122878074645996 0
1647204588496 4.138503074645996 0
1647204590886 4.091628074645996 0
1647204593850 4.138503074645996 0
1647204596494 4.122878074645996 0
1647204598883 4.138503074645996 0
1647204601267 4.060378074645996 0
1647204603983 4.107253074645996 0
1647204606671 4.169753074645996 0
1647204609130 4.122878074645996 0
1647204611680 4.138503074645996 0
1647204614192 4.122878074645996 0
1647204616778 4.122878074645996 0
1647204619774 4.138503074645996 0
1647204622218 4.107253074645996 0
1647204624611 4.169753074645996 0
1647204627055 4.076003074645996 0
1647204629477 4.122878074645996 0
1647204632155 4.169753074645996 0
1647204634566 4.107253074645996 0
1647204636980 4.138503074645996 0
1647204639392 4.154128074645996 0
1647204641817 4.138503074645996 0
1647204644268 4.138503074645996 0
1647204646709 4.107253074645996 0
1647204649112 4.138503074645996 0
1647204651481 4.169753074645996 0
1647204653811 4.154128074645996 0
1647204656137 4.091628074645996 0
1647204658500 4.122878074645996 0
1647204660912 4.154128074645996 0
1647204663290 4.122878074645996 0
1647204665678 4.138503074645996 0
1647204668048 4.107253074645996 0
1647204670393 4.138503074645996 0
1647204672753 4.122878074645996 0
1647204675136 4.154128074645996 0
1647204677485 4.122878074645996 0
1647204680487 4.169753074645996 0
1647204683230 4.107253074645996 0
1647204685645 4.154128074645996 0
1647204688778 4.107253074645996 0
1647204691381 4.138503074645996 0
1647204694151 4.138503074645996 0
1647204696960 4.169753074645996 0
