1647205371123 4.159051895141602 0
1647205374337 4.155964374542236 0
1647205376941 4.099462509155273 0
1647205379509 4.125005722045898 0
1647205382077 4.169669151306152 0
1647205384646 4.107328414916992 0
1647205387225 4.1385087966918945 0
1647205389864 4.138503074645996 0
1647205392497 4.1385016441345215 0
1647205395685 4.169753074645996 0
1647205398471 4.154128074645996 0
1647205401121 4.138503074645996 0
1647205403633 4.107253074645996 0
1647205406186 4.076003074645996 0
1647205408587 4.122878074645996 0
1647205411287 4.091628074645996 0
1647205413652 4.091628074645996 0
1647205416017 4.091628074645996 0
1647205418452 4.122878074645996 0
1647205420857 4.138503074645996 0
1647205423262 4.122878074645996 0
1647205425603 4.138503074645996 0
1647205427953 4.122878074645996 0
1647205430328 4.154128074645996 0
1647205432723 4.154128074645996 0
1647205435084 4.154128074645996 0
1647205437594 4.138503074645996 0
1647205440164 4.122878074645996 0
1647205442699 4.138503074645996 0
1647205445249 4.154128074645996 0
1647205447880 4.122878074645996 0
1647205450285 4.122878074645996 0
1647205452625 4.107253074645996 0
1647205455135 4.122878074645996 0
1647205457495 4.138503074645996 0
1647205460090 4.091628074645996 0
1647205462496 4.138503074645996 0
1647205464928 4.122878074645996 0
1647205467332 4.138503074645996 0
1647205469720 4.060378074645996 0
1647205472262 4.107253074645996 0
1647205474707 4.169753074645996 0
1647205477527 4.122878074645996 0
1647205479991 4.138503074645996 0
1647205482873 4.122878074645996 0
1647205485507 4.122878074645996 0
