1647205506337 4.159051895141602 0
1647205509335 4.155964374542236 0
1647205511712 4.099462509155273 0
1647205514076 4.125005722045898 0
1647205516434 4.169669151306152 0
1647205518880 4.107328414916992 0
1647205521322 4.1385087966918945 0
1647205523658 4.138503074645996 0
1647205526057 4.1385016441345215 0
1647205528391 4.169753074645996 0
1647205530727 4.154128074645996 0
1647205533145 4.138503074645996 0
1647205535513 4.107253074645996 0
1647205537865 4.076003074645996 0
1647205540202 4.122878074645996 0
1647205542568 4.091628074645996 0
1647205544950 4.091628074645996 0
1647205547302 4.091628074645996 0
1647205549729 4.122878074645996 0
1647205552217 4.138503074645996 0
1647205555075 4.122878074645996 0
1647205557503 4.138503074645996 0
1647205560121 4.122878074645996 0
1647205563381 4.154128074645996 0
1647205565827 4.154128074645996 0
1647205568255 4.154128074645996 0
1647205570838 4.138503074645996 0
1647205573860 4.122878074645996 0
1647205576533 4.138503074645996 0
1647205578958 4.154128074645996 0
1647205581391 4.122878074645996 0
1647205583838 4.122878074645996 0
1647205586295 4.107253074645996 0
1647205588711 4.122878074645996 0
1647205591093 4.138503074645996 0
1647205593515 4.091628074645996 0
1647205595928 4.138503074645996 0
1647205598331 4.122878074645996 0
1647205600736 4.138503074645996 0
1647205603151 4.060378074645996 0
1647205606035 4.107253074645996 0
1647205608416 4.169753074645996 0
1647205610844 4.122878074645996 0
1647205613845 4.138503074645996 0
1647205616621 4.122878074645996 0
1647205620058 4.122878074645996 0
1647205623529 4.138503074645996 0
1647205626541 4.107253074645996 0
1647205629057 4.169753074645996 0
1647205631715 4.076003074645996 0
1647205634161 4.122878074645996 0
1647205636589 4.169753074645996 0
1647205638969 4.107253074645996 0
1647205641404 4.138503074645996 0
1647205643824 4.154128074645996 0
1647205646532 4.138503074645996 0
1647205649810 4.138503074645996 0
1647205652770 4.107253074645996 0
1647205655351 4.138503074645996 0
1647205657865 4.169753074645996 0
1647205660241 4.154128074645996 0
1647205662655 4.091628074645996 0
1647205665057 4.122878074645996 0
1647205667497 4.154128074645996 0
1647205669950 4.122878074645996 0
1647205672398 4.138503074645996 0
1647205674857 4.107253074645996 0
1647205677307 4.138503074645996 0
1647205679712 4.122878074645996 0
1647205682122 4.154128074645996 0
1647205684577 4.122878074645996 0
1647205687061 4.169753074645996 0
1647205689493 4.107253074645996 0
1647205691984 4.154128074645996 0
1647205694453 4.107253074645996 0
1647205696895 4.138503074645996 0
1647205699429 4.138503074645996 0
1647205702027 4.169753074645996 0
1647205706772 4.150173187255859 0
1647205709381 4.140415668487549 0
1647205711868 4.123020648956299 0
1647205714750 4.154128551483154 0
1647205717154 4.12287712097168 0
1647205719593 4.122878074645996 0
1647205721965 4.154128074645996 0
1647205724429 4.138503074645996 0
1647205726897 4.107253074645996 0
1647205729319 4.154128074645996 0
1647205731924 4.122878074645996 0
1647205734342 4.154128074645996 0
1647205736724 4.107253074645996 0
1647205739093 4.107253074645996 0
1647205741506 4.122878074645996 0
1647205743878 4.091628074645996 0
1647205746266 4.107253074645996 0
1647205748658 4.138503074645996 0
1647205751123 4.060378074645996 0
1647205753704 4.091628074645996 0
1647205756196 4.169753074645996 0
1647205758645 4.154128074645996 0
1647205761049 4.154128074645996 0
1647205763530 4.122878074645996 0
1647205766042 4.107253074645996 0
1647205768497 4.107253074645996 0
1647205771194 4.107253074645996 0
1647205773747 4.138503074645996 0
1647205776247 4.138503074645996 0
1647205778862 4.169753074645996 0
1647205781369 4.154128074645996 0
1647205783945 4.122878074645996 0
1647205786352 4.122878074645996 0
1647205788772 4.122878074645996 0
1647205791144 4.122878074645996 0
1647205793480 4.138503074645996 0
1647205795908 4.122878074645996 0
1647205798505 4.122878074645996 0
1647205801035 4.154128074645996 0
1647205803454 4.107253074645996 0
1647205805993 4.122878074645996 0
1647205808377 4.122878074645996 0
1647205810849 4.154128074645996 0
1647205813400 4.169753074645996 0
1647205815814 4.154128074645996 0
1647205818272 4.138503074645996 0
1647205820780 4.154128074645996 0
1647205823208 4.138503074645996 0
1647205825637 4.154128074645996 0
1647205828069 4.138503074645996 0
1647205830507 4.122878074645996 0
1647205832919 4.138503074645996 0
1647205835364 4.076003074645996 0
1647205837782 4.122878074645996 0
1647205840206 4.138503074645996 0
1647205842612 4.107253074645996 0
1647205845049 4.107253074645996 0
1647205847747 4.154128074645996 0
1647205850528 4.169753074645996 0
1647205852902 4.154128074645996 0
1647205855413 4.122878074645996 0
1647205858668 4.138503074645996 0
1647205861793 4.122878074645996 0
1647205865252 4.122878074645996 0
1647205867874 4.138503074645996 0
1647205870356 4.138503074645996 0
1647205872858 4.138503074645996 0
1647205875426 4.107253074645996 0
1647205877869 4.091628074645996 0
1647205880261 4.122878074645996 0
1647205882788 4.122878074645996 0
1647205885398 4.076003074645996 0
1647205887855 4.169753074645996 0
1647205890316 4.154128074645996 0
1647205892674 4.107253074645996 0
1647205895616 4.138503074645996 0
1647205898026 4.154128074645996 0
1647205900596 4.122878074645996 0
1647205903575 4.122878074645996 0
1647205907622 4.142277717590332 0
1647205910133 4.138552188873291 0
1647205912569 4.154124736785889 0
1647205914983 4.107252597808838 0
1647205917354 4.060378074645996 0
1647205919751 4.154128074645996 0
1647205922258 4.154128074645996 0
1647205924710 4.122878074645996 0
1647205927256 4.154128074645996 0
1647205929791 4.169753074645996 0
1647205932664 4.154128074645996 0
1647205935263 4.107253074645996 0
1647205937725 4.154128074645996 0
1647205940133 4.122878074645996 0
1647205942536 4.076003074645996 0
1647205944884 4.091628074645996 0
1647205947282 4.091628074645996 0
1647205949677 4.091628074645996 0
1647205952106 4.154128074645996 0
1647205954529 4.107253074645996 0
1647205956987 4.138503074645996 0
1647205959351 4.060378074645996 0
1647205961735 4.107253074645996 0
1647205964097 4.122878074645996 0
1647205966491 4.091628074645996 0
1647205968883 4.154128074645996 0
1647205971246 4.169753074645996 0
1647205973596 4.122878074645996 0
1647205975956 4.138503074645996 0
1647205978743 4.138503074645996 0
1647205981415 4.122878074645996 0
1647205983901 4.154128074645996 0
1647205986397 4.122878074645996 0
1647205988871 4.138503074645996 0
1647205991297 4.122878074645996 0
1647205993697 4.138503074645996 0
1647205996091 4.138503074645996 0
1647205998452 4.138503074645996 0
1647206000980 4.122878074645996 0
1647206003410 4.107253074645996 0
1647206005958 4.122878074645996 0
1647206008428 4.154128074645996 0
1647206010921 4.122878074645996 0
1647206013459 4.122878074645996 0
1647206016151 4.076003074645996 0
1647206019217 4.138503074645996 0
1647206022878 4.122878074645996 0
1647206025384 4.076003074645996 0
1647206028226 4.107253074645996 0
1647206030738 4.107253074645996 0
1647206033950 4.138503074645996 0
1647206036531 4.154128074645996 0
1647206039015 4.060378074645996 0
1647206041453 4.138503074645996 0
1647206043855 4.076003074645996 0
1647206046433 4.154128074645996 0
1647206049010 4.122878074645996 0
1647206051620 4.154128074645996 0
1647206054052 4.076003074645996 0
1647206056517 4.122878074645996 0
1647206058909 4.138503074645996 0
1647206061337 4.138503074645996 0
1647206063735 4.154128074645996 0
1647206066205 4.122878074645996 0
1647206068623 4.107253074645996 0
1647206070999 4.060378074645996 0
1647206073403 4.169753074645996 0
1647206075779 4.122878074645996 0
1647206078206 4.107253074645996 0
1647206080605 4.138503074645996 0
1647206083016 4.138503074645996 0
1647206085395 4.138503074645996 0
1647206087852 4.076003074645996 0
1647206090275 4.091628074645996 0
1647206092734 4.138503074645996 0
1647206095195 4.107253074645996 0
1647206097708 4.138503074645996 0
1647206100168 4.107253074645996 0
1647206120088 4.158013343811035 0
1647206122530 4.1354079246521 0
1647206124918 4.075416088104248 0
1647206127300 4.12222957611084 0
1647206130005 4.167440891265869 0
1647206132491 3.919508695602417 0
1647206134919 3.919764280319214 0
1647206137301 3.810378074645996 0
1647206139722 3.810378074645996 0
1647206142098 3.747878074645996 0
1647206144510 3.779128074645996 0
1647206146945 3.872878074645996 0
1647206149343 3.935378074645996 0
1647206151779 4.013503074645996 0
1647206154374 3.951003074645996 0
1647206156809 3.841628074645996 0
1647206159259 3.904128074645996 0
1647206161728 3.966628074645996 0
1647206164158 3.966628074645996 0
1647206166576 3.841628074645996 0
1647206168982 3.794753074645996 0
1647206171538 3.826003074645996 0
1647206173986 3.763503074645996 0
1647206176442 3.857253074645996 0
1647206178925 3.857253074645996 0
1647206181315 3.747877836227417 0
1647206183946 3.872878074645996 0
1647206186443 3.716627836227417 0
1647206188789 3.841628074645996 0
1647206191213 3.763503074645996 0
1647206193602 3.857253074645996 0
1647206196018 3.872878074645996 0
1647206198432 3.904128074645996 0
1647206200802 3.888503074645996 0
1647206203257 3.935378074645996 0
1647206205655 3.919753074645996 0
1647206208111 3.607252836227417 0
1647206210558 3.669752836227417 0
1647206212980 3.732252836227417 0
1647206215351 3.857253074645996 0
1647206217754 3.857253074645996 0
1647206220124 3.826003074645996 0
1647206222542 3.763503074645996 0
1647206224922 3.810377836227417 0
1647206227339 3.810378074645996 0
1647206229734 3.872878074645996 0
1647206232099 3.763502836227417 0
1647206234513 3.810377836227417 0
1647206236891 3.826003074645996 0
1647206239313 3.888502836227417 0
1647206241719 3.810377836227417 0
1647206244154 3.716627836227417 0
1647206246600 3.872878074645996 0
1647206249045 3.888502836227417 0
1647206251567 3.763503074645996 0
1647206253952 3.857253074645996 0
1647206256339 3.747877836227417 0
1647206258778 3.872878074645996 0
1647206261217 3.857253074645996 0
1647206263655 3.810378074645996 0
1647206266081 3.763502836227417 0
1647206268503 3.841628074645996 0
1647206270896 3.779127836227417 0
1647206273258 3.826003074645996 0
1647206275696 3.810377836227417 0
1647206278192 3.872878074645996 0
1647206280662 3.904128074645996 0
1647206283093 3.747877836227417 0
1647206285588 3.810377836227417 0
1647206288073 3.779128074645996 0
1647206290478 3.935378074645996 0
1647206292849 3.810377836227417 0
1647206295267 3.951003074645996 0
1647206297694 3.966628074645996 0
1647206300154 3.935378074645996 0
1647206302626 3.826003074645996 0
1647206305072 3.763503074645996 0
1647206307686 3.951003074645996 0
1647206312319 4.074306964874268 0
1647206314813 3.8455970287323 0
1647206317268 3.966689109802246 0
1647206319726 3.96662974357605 0
1647206322136 3.888502836227417 0
1647206324606 3.669752836227417 0
1647206327056 3.904127836227417 0
1647206329416 3.779128074645996 0
1647206331756 3.841628074645996 0
1647206334244 3.841628074645996 0
1647206336640 3.935378074645996 0
1647206339100 3.841628074645996 0
1647206341536 3.779128074645996 0
1647206343906 3.966628074645996 0
1647206346259 3.763502836227417 0
1647206348626 3.997878074645996 0
1647206351015 3.826002836227417 0
1647206353379 3.857253074645996 0
1647206355755 4.044753074645996 0
1647206358118 3.747877836227417 0
1647206360466 3.732252836227417 0
1647206362804 3.841628074645996 0
1647206365131 3.716628074645996 0
1647206367512 3.841627836227417 0
1647206369882 3.826003074645996 0
1647206372248 3.919753074645996 0
1647206374611 3.794752836227417 0
1647206376987 3.826003074645996 0
1647206379471 3.701002836227417 0
1647206381885 3.888503074645996 0
1647206384283 3.841628074645996 0
1647206386672 3.872878074645996 0
1647206389098 3.779128074645996 0
1647206391524 3.701002836227417 0
1647206393964 3.732252836227417 0
1647206396430 3.732253074645996 0
1647206398883 3.794753074645996 0
1647206401359 3.763502836227417 0
1647206403725 3.841628074645996 0
1647206406115 3.857252836227417 0
1647206408492 3.888503074645996 0
1647206410971 3.747878074645996 0
1647206413464 3.826003074645996 0
1647206415876 3.935377836227417 0
1647206418278 3.841627836227417 0
1647206420612 3.857253074645996 0
1647206423091 3.747877836227417 0
1647206425492 3.732253074645996 0
1647206427905 3.841628074645996 0
1647206430348 3.841627836227417 0
1647206432749 3.888503074645996 0
1647206435155 3.763502836227417 0
1647206437579 3.951003074645996 0
1647206440053 3.810378074645996 0
1647206442516 3.638502836227417 0
1647206444964 3.826003074645996 0
1647206447427 3.841628074645996 0
1647206449929 3.919753074645996 0
1647206452328 3.794753074645996 0
1647206454797 3.763503074645996 0
1647206457234 3.919753074645996 0
1647206459659 3.810378074645996 0
1647206462047 3.841628074645996 0
1647206464507 3.826003074645996 0
1647206467021 3.732252836227417 0
1647206469460 3.779128074645996 0
1647206471926 3.888503074645996 0
1647206474316 3.716627836227417 0
1647206476707 3.888503074645996 0
1647206479072 3.810378074645996 0
1647206481602 3.654127836227417 0
1647206484004 3.794753074645996 0
1647206486431 3.810378074645996 0
1647206489130 3.779127836227417 0
1647206491591 3.810378074645996 0
1647206494033 3.826002836227417 0
1647206496429 3.763503074645996 0
1647206498813 3.872878074645996 0
1647206501671 3.888503074645996 0
1647206505498 3.883270502090454 0
1647206507883 3.7797181606292725 0
1647206510302 3.77913761138916 0
1647206512738 3.888502836227417 0
1647206515154 3.919753074645996 0
1647206517623 3.685378074645996 0
1647206520167 3.997878074645996 0
1647206522623 3.841627836227417 0
1647206525087 3.779128074645996 0
1647206527561 3.794753074645996 0
1647206530015 3.935378074645996 0
1647206532418 3.888502836227417 0
1647206534811 3.826003074645996 0
1647206537255 4.013503074645996 0
1647206539701 3.872878074645996 0
1647206542154 3.982253074645996 0
1647206544592 3.951003074645996 0
1647206547087 3.794753074645996 0
1647206549517 3.841627836227417 0
1647206551931 3.872878074645996 0
1647206554436 3.919753074645996 0
1647206557258 3.904128074645996 0
1647206559686 3.904128074645996 0
1647206562141 3.919753074645996 0
1647206564627 3.872878074645996 0
1647206567008 3.779128074645996 0
1647206569459 3.747877836227417 0
1647206571941 3.763503074645996 0
1647206574411 3.888503074645996 0
1647206576839 3.810378074645996 0
1647206579267 3.951003074645996 0
1647206581673 3.716628074645996 0
1647206584143 3.872878074645996 0
1647206586530 3.841628074645996 0
1647206588920 3.919753074645996 0
1647206591377 3.857253074645996 0
1647206593885 3.872878074645996 0
1647206596291 3.888503074645996 0
1647206598691 3.701002836227417 0
1647206601106 3.997878074645996 0
1647206603491 3.810377836227417 0
1647206605903 3.779127836227417 0
1647206608347 3.826003074645996 0
1647206610770 3.794753074645996 0
1647206613126 3.841628074645996 0
1647206615510 3.794753074645996 0
1647206617927 3.763502836227417 0
1647206620369 3.951003074645996 0
1647206622793 3.794753074645996 0
1647206625238 3.888503074645996 0
1647206627731 3.872878074645996 0
1647206630167 3.732253074645996 0
1647206632589 3.919752836227417 0
1647206635009 3.810377836227417 0
1647206637377 3.701002836227417 0
1647206639900 3.716628074645996 0
1647206642380 3.747877836227417 0
1647206644824 3.888503074645996 0
1647206647306 3.919753074645996 0
1647206649731 3.654127836227417 0
1647206652141 3.826003074645996 0
1647206654593 3.872878074645996 0
1647206657045 3.747878074645996 0
1647206659478 3.841628074645996 0
1647206661904 3.841628074645996 0
1647206664334 3.857252836227417 0
1647206666798 3.872878074645996 0
1647206669213 3.732253074645996 0
1647206672328 3.810378074645996 0
1647206674786 3.810378074645996 0
1647206677207 3.951003074645996 0
1647206679601 3.841628074645996 0
1647206682015 3.919753074645996 0
1647206684669 4.044753074645996 0
1647206687147 3.716628074645996 0
1647206689568 3.794753074645996 0
1647206692023 3.747877836227417 0
1647206694480 3.966628074645996 0
1647206714341 4.155553340911865 0
1647206716823 3.894087553024292 0
1647206719216 3.857287883758545 0
1647206721632 3.810377836227417 0
1647206724166 3.763503074645996 0
1647206726671 3.872878074645996 0
1647206729101 3.919753074645996 0
1647206731565 3.810378074645996 0
1647206733999 3.810378074645996 0
1647206736501 3.747878074645996 0
1647206738930 3.779128074645996 0
1647206741408 3.872878074645996 0
1647206743914 3.935378074645996 0
1647206746331 4.013503074645996 0
1647206748790 3.951003074645996 0
1647206751232 3.841628074645996 0
1647206753701 3.904128074645996 0
1647206756198 3.966628074645996 0
1647206758631 3.966628074645996 0
1647206761111 3.841628074645996 0
1647206763590 3.794753074645996 0
1647206766024 3.826003074645996 0
1647206768491 3.763503074645996 0
1647206770898 3.857253074645996 0
1647206773355 3.857253074645996 0
1647206775777 3.747877836227417 0
1647206778219 3.872878074645996 0
1647206780609 3.716627836227417 0
1647206783024 3.841628074645996 0
1647206785374 3.763503074645996 0
1647206787739 3.857253074645996 0
1647206790146 3.872878074645996 0
1647206792538 3.904128074645996 0
1647206794970 3.888503074645996 0
1647206797412 3.935378074645996 0
1647206799824 3.919753074645996 0
1647206802259 3.607252836227417 0
1647206804693 3.669752836227417 0
1647206807123 3.732252836227417 0
1647206809493 3.857253074645996 0
1647206811881 3.857253074645996 0
1647206814258 3.826003074645996 0
1647206816620 3.763503074645996 0
1647206818982 3.810377836227417 0
1647206821397 3.810378074645996 0
1647206823809 3.872878074645996 0
1647206826301 3.763502836227417 0
1647206828754 3.810377836227417 0
1647206831242 3.826003074645996 0
1647206833704 3.888502836227417 0
1647206836170 3.810377836227417 0
1647206838628 3.716627836227417 0
1647206841059 3.872878074645996 0
1647206843468 3.888502836227417 0
1647206845892 3.763503074645996 0
1647206848318 3.857253074645996 0
1647206850730 3.747877836227417 0
1647206853110 3.872878074645996 0
1647206855539 3.857253074645996 0
1647206857961 3.810378074645996 0
1647206860317 3.763502836227417 0
1647206862717 3.841628074645996 0
1647206865088 3.779127836227417 0
1647206867510 3.826003074645996 0
1647206869972 3.810377836227417 0
1647206872400 3.872878074645996 0
1647206874774 3.904128074645996 0
1647206877230 3.747877836227417 0
1647206879704 3.810377836227417 0
1647206882160 3.779128074645996 0
1647206884565 3.935378074645996 0
1647206886987 3.810377836227417 0
1647206889371 3.951003074645996 0
1647206891778 3.966628074645996 0
1647206894159 3.935378074645996 0
1647206896612 3.826003074645996 0
1647206899004 3.763503074645996 0
1647206901480 3.951003074645996 0
1647206905957 4.018355369567871 0
1647206908341 3.84171724319458 0
1647206910721 3.966627836227417 0
1647206913079 3.966628074645996 0
1647206915449 3.888503074645996 0
1647206917835 3.669752836227417 0
1647206920210 3.904127836227417 0
1647206922594 3.779128074645996 0
1647206925010 3.841628074645996 0
1647206927374 3.841628074645996 0
1647206929757 3.935378074645996 0
1647206932123 3.841628074645996 0
1647206934495 3.779128074645996 0
1647206936885 3.966628074645996 0
1647206939268 3.763502836227417 0
1647206941659 3.997878074645996 0
1647206944036 3.826002836227417 0
1647206946407 3.857253074645996 0
1647206948849 4.044753074645996 0
1647206951292 3.747877836227417 0
1647206953722 3.732252836227417 0
1647206956142 3.841628074645996 0
1647206958544 3.716628074645996 0
1647206960962 3.841627836227417 0
1647206963352 3.826003074645996 0
1647206965773 3.919753074645996 0
1647206968197 3.794752836227417 0
1647206970597 3.826003074645996 0
1647206972967 3.701002836227417 0
1647206975369 3.888503074645996 0
1647206977752 3.841628074645996 0
1647206980127 3.872878074645996 0
1647206982477 3.779128074645996 0
1647206984863 3.701002836227417 0
1647206987243 3.732252836227417 0
1647206989651 3.732253074645996 0
1647206992135 3.794753074645996 0
1647206994569 3.763502836227417 0
1647206997035 3.841628074645996 0
1647206999474 3.857252836227417 0
1647207001860 3.888503074645996 0
1647207004217 3.747878074645996 0
1647207006584 3.826003074645996 0
1647207008952 3.935377836227417 0
1647207011325 3.841627836227417 0
1647207013683 3.857253074645996 0
1647207016079 3.747877836227417 0
1647207018445 3.732253074645996 0
1647207020815 3.841628074645996 0
1647207023240 3.841627836227417 0
1647207025756 3.888503074645996 0
1647207028139 3.763502836227417 0
1647207030502 3.951003074645996 0
1647207032874 3.810378074645996 0
1647207035250 3.638502836227417 0
1647207037619 3.826003074645996 0
1647207039983 3.841628074645996 0
1647207042353 3.919753074645996 0
1647207044737 3.794753074645996 0
1647207047127 3.763503074645996 0
1647207049510 3.919753074645996 0
1647207051892 3.810378074645996 0
1647207054262 3.841628074645996 0
1647207056678 3.826003074645996 0
1647207059038 3.732252836227417 0
1647207061414 3.779128074645996 0
1647207063783 3.888503074645996 0
1647207066179 3.716627836227417 0
1647207068545 3.888503074645996 0
1647207070949 3.810378074645996 0
1647207073381 3.654127836227417 0
1647207075839 3.794753074645996 0
1647207078251 3.810378074645996 0
1647207080688 3.779127836227417 0
1647207083114 3.810378074645996 0
1647207085546 3.826002836227417 0
1647207087922 3.763503074645996 0
1647207090300 3.872878074645996 0
1647207093183 3.888503074645996 0
1647207096982 3.847379446029663 0
1647207099431 3.7791383266448975 0
1647207101814 3.779128074645996 0
1647207104214 3.888502836227417 0
1647207106606 3.919753074645996 0
1647207108992 3.685378074645996 0
1647207111376 3.997878074645996 0
1647207113761 3.841627836227417 0
1647207116154 3.779128074645996 0
1647207118540 3.794753074645996 0
1647207120913 3.935378074645996 0
1647207123319 3.888502836227417 0
1647207125709 3.826003074645996 0
1647207128092 4.013503074645996 0
1647207130486 3.872878074645996 0
1647207132860 3.982253074645996 0
1647207135229 3.951003074645996 0
1647207137588 3.794753074645996 0
1647207139974 3.841627836227417 0
1647207142333 3.872878074645996 0
1647207144705 3.919753074645996 0
1647207147087 3.904128074645996 0
1647207149477 3.904128074645996 0
1647207151873 3.919753074645996 0
1647207154269 3.872878074645996 0
1647207156649 3.779128074645996 0
1647207159054 3.747877836227417 0
1647207161454 3.763503074645996 0
1647207163884 3.888503074645996 0
1647207166277 3.810378074645996 0
1647207168644 3.951003074645996 0
1647207171063 3.716628074645996 0
1647207173443 3.872878074645996 0
1647207175837 3.841628074645996 0
1647207178309 3.919753074645996 0
1647207180890 3.857253074645996 0
1647207183456 3.872878074645996 0
1647207185997 3.888503074645996 0
1647207188370 3.701002836227417 0
1647207190734 3.997878074645996 0
1647207193103 3.810377836227417 0
1647207195487 3.779127836227417 0
1647207197845 3.826003074645996 0
1647207200215 3.794753074645996 0
1647207202562 3.841628074645996 0
1647207204977 3.794753074645996 0
1647207207343 3.763502836227417 0
1647207209689 3.951003074645996 0
1647207212102 3.794753074645996 0
1647207214452 3.888503074645996 0
1647207216819 3.872878074645996 0
1647207219166 3.732253074645996 0
1647207221575 3.919752836227417 0
1647207223983 3.810377836227417 0
1647207226377 3.701002836227417 0
1647207228854 3.716628074645996 0
1647207231302 3.747877836227417 0
1647207233661 3.888503074645996 0
1647207236046 3.919753074645996 0
1647207238402 3.654127836227417 0
1647207240784 3.826003074645996 0
1647207243140 3.872878074645996 0
1647207245540 3.747878074645996 0
1647207247951 3.841628074645996 0
1647207250361 3.841628074645996 0
1647207252830 3.857252836227417 0
1647207255235 3.872878074645996 0
1647207257600 3.732253074645996 0
1647207259977 3.810378074645996 0
1647207262348 3.810378074645996 0
1647207264700 3.951003074645996 0
1647207267048 3.841628074645996 0
1647207269419 3.919753074645996 0
1647207271793 4.044753074645996 0
1647207274169 3.716628074645996 0
1647207276711 3.794753074645996 0
1647207279220 3.747877836227417 0
1647207281706 3.966628074645996 0
